# threads, min, max, avg
1 18.9 19.0 19.0 [GB/s]
2 37.3 37.8 37.6 [GB/s]
3 51.3 51.6 51.5 [GB/s]
4 66.0 67.8 66.9 [GB/s]
5 70.8 73.0 72.6 [GB/s]
6 85.4 86.5 86.2 [GB/s]
7 82.6 82.9 82.7 [GB/s]
8 93.4 95.0 94.6 [GB/s]
9 87.3 88.2 88.0 [GB/s]
10 95.9 96.6 96.4 [GB/s]
11 88.9 89.4 89.3 [GB/s]
12 96.2 97.3 96.7 [GB/s]
13 89.3 90.3 89.9 [GB/s]
14 96.4 97.3 97.0 [GB/s]
15 90.8 91.1 91.0 [GB/s]
16 96.9 97.5 97.3 [GB/s]
17 89.9 90.4 90.2 [GB/s]
18 96.1 96.4 96.3 [GB/s]
19 90.6 91.1 90.8 [GB/s]
20 95.9 96.1 96.0 [GB/s]
