# treads, min, max, avg
1 12.7 12.7 12.7 [GB/s]
2 25.0 25.1 25.0 [GB/s]
3 36.3 36.9 36.8 [GB/s]
4 47.5 48.4 48.2 [GB/s]
5 59.4 59.5 59.4 [GB/s]
6 68.4 70.4 69.9 [GB/s]
7 78.9 79.4 79.1 [GB/s]
8 82.6 83.0 82.8 [GB/s]
9 84.5 84.9 84.7 [GB/s]
10 85.2 85.6 85.5 [GB/s]
11 85.4 85.9 85.6 [GB/s]
12 85.3 85.8 85.5 [GB/s]
13 84.5 84.8 84.6 [GB/s]
14 84.0 84.5 84.2 [GB/s]
15 90.1 90.4 90.3 [GB/s]
16 96.1 96.5 96.3 [GB/s]
17 102.1 102.5 102.3 [GB/s]
18 107.7 108.0 107.8 [GB/s]
19 113.8 114.6 114.2 [GB/s]
20 119.9 120.3 120.1 [GB/s]
21 126.0 126.6 126.4 [GB/s]
22 132.0 132.6 132.3 [GB/s]
23 138.3 138.8 138.5 [GB/s]
24 143.7 144.6 144.4 [GB/s]
25 149.7 150.6 150.2 [GB/s]
26 155.6 156.4 155.8 [GB/s]
27 160.1 160.9 160.6 [GB/s]
28 167.4 167.8 167.6 [GB/s]
