# treads, min, max, avg
1 12.6 12.7 12.7 [GB/s]
2 25.3 25.6 25.5 [GB/s]
3 37.1 37.6 37.4 [GB/s]
4 49.3 50.2 49.9 [GB/s]
5 60.4 61.7 61.5 [GB/s]
6 73.4 73.8 73.7 [GB/s]
7 84.2 84.5 84.4 [GB/s]
8 96.5 96.8 96.7 [GB/s]
9 106.2 106.6 106.4 [GB/s]
10 117.8 118.1 118.0 [GB/s]
11 126.2 127.1 126.7 [GB/s]
12 137.6 138.9 138.4 [GB/s]
13 141.9 142.6 142.3 [GB/s]
14 151.7 153.7 152.6 [GB/s]
15 150.7 151.9 151.3 [GB/s]
16 161.0 162.0 161.6 [GB/s]
17 152.4 153.8 152.9 [GB/s]
18 162.8 164.2 163.3 [GB/s]
19 155.1 156.3 155.6 [GB/s]
20 163.1 163.7 163.4 [GB/s]
21 155.3 156.1 155.5 [GB/s]
22 161.7 162.6 162.2 [GB/s]
23 152.9 154.3 153.5 [GB/s]
24 159.1 160.4 159.7 [GB/s]
25 151.9 152.8 152.4 [GB/s]
26 157.9 159.6 159.1 [GB/s]
27 150.9 151.2 151.0 [GB/s]
28 156.4 158.2 157.8 [GB/s]
