# threads, min, max, avg
1 18.9 19.0 19.0 [GB/s]
2 33.9 34.5 34.4 [GB/s]
3 43.5 44.0 43.8 [GB/s]
4 48.0 48.2 48.1 [GB/s]
5 49.4 49.7 49.6 [GB/s]
6 49.6 50.0 49.9 [GB/s]
7 49.4 50.0 49.9 [GB/s]
8 49.9 50.0 49.9 [GB/s]
9 49.8 49.9 49.9 [GB/s]
10 49.6 49.8 49.7 [GB/s]
11 54.5 54.9 54.7 [GB/s]
12 59.4 59.8 59.7 [GB/s]
13 64.6 64.8 64.7 [GB/s]
14 69.4 69.6 69.5 [GB/s]
15 74.7 74.9 74.7 [GB/s]
16 79.2 79.4 79.4 [GB/s]
17 84.3 84.7 84.5 [GB/s]
18 89.5 89.6 89.6 [GB/s]
19 94.4 94.7 94.6 [GB/s]
20 98.4 98.8 98.6 [GB/s]
