# cores min, max, avg [gigaFLOPS]
1 50.5 50.6 50.6
2 88.2 96.5 95.2
3 130.2 143.6 141.4
4 170.4 179.3 176.8
5 202.8 214.5 205.2
6 238.5 239.4 239.0
7 271.1 273.2 272.5
8 298.2 299.9 299.3
9 318.8 332.4 323.2
10 348.5 349.7 348.8
11 369.8 375.5 371.9
12 390.3 400.3 394.9
13 403.1 425.4 416.3
14 433.9 444.1 439.8
15 443.0 453.5 447.7
16 457.1 470.9 465.6
17 445.2 476.7 455.6
18 456.5 471.2 467.0
19 464.5 493.6 480.9
20 474.6 490.0 483.2
21 473.1 487.0 479.8
22 481.2 498.1 490.9
23 487.1 499.0 492.9
24 477.0 504.2 486.5
25 473.4 496.3 480.9
26 475.2 488.3 482.6
27 481.0 498.5 489.6
28 474.5 492.0 482.1
