# threads, min, max, avg
8 24.3 24.4 24.4 [GB/s]
16 27.7 27.8 27.8 [GB/s]
24 41.6 41.7 41.6 [GB/s]
32 55.4 55.5 55.5 [GB/s]
40 69.3 69.4 69.4 [GB/s]
48 83.2 83.3 83.2 [GB/s]
56 97.1 97.4 97.3 [GB/s]
64 111.0 111.1 111.0 [GB/s]
72 124.8 125.0 124.9 [GB/s]
80 138.4 138.8 138.6 [GB/s]
88 152.3 152.7 152.5 [GB/s]
96 166.2 166.5 166.4 [GB/s]
104 179.8 180.2 180.1 [GB/s]
112 193.8 194.3 194.1 [GB/s]
120 207.5 208.0 207.6 [GB/s]
128 221.4 221.8 221.6 [GB/s]
136 147.8 148.3 148.0 [GB/s]
144 120.7 121.1 120.9 [GB/s]
152 127.4 127.6 127.5 [GB/s]
160 134.0 134.5 134.3 [GB/s]
168 140.7 141.1 140.9 [GB/s]
176 147.6 147.9 147.8 [GB/s]
184 154.3 154.6 154.4 [GB/s]
192 157.9 161.3 160.8 [GB/s]
200 156.7 168.0 166.5 [GB/s]
208 174.9 175.3 175.1 [GB/s]
216 181.1 181.7 181.5 [GB/s]
224 179.9 188.2 187.0 [GB/s]
232 194.6 195.1 195.0 [GB/s]
240 201.3 202.1 201.6 [GB/s]
248 208.5 208.8 208.7 [GB/s]
256 215.1 215.9 215.7 [GB/s]
