# threads, min, max, avg
1 16.7 16.8 16.7 [GB/s]
2 33.5 33.5 33.5 [GB/s]
3 47.0 47.3 47.2 [GB/s]
4 63.0 63.2 63.1 [GB/s]
5 73.4 73.6 73.5 [GB/s]
6 88.2 88.6 88.5 [GB/s]
7 90.8 91.1 90.9 [GB/s]
8 103.6 104.3 103.9 [GB/s]
9 102.2 102.9 102.6 [GB/s]
10 111.6 112.8 112.5 [GB/s]
11 109.0 109.5 109.3 [GB/s]
12 117.9 118.4 118.2 [GB/s]
13 113.6 113.9 113.7 [GB/s]
14 120.1 121.2 120.8 [GB/s]
15 115.5 116.4 116.1 [GB/s]
16 121.2 121.9 121.6 [GB/s]
17 117.4 117.8 117.5 [GB/s]
18 123.2 123.7 123.4 [GB/s]
19 117.9 118.5 118.2 [GB/s]
20 122.2 123.5 123.2 [GB/s]
21 119.0 119.4 119.3 [GB/s]
22 122.8 123.7 123.4 [GB/s]
23 118.9 120.0 119.8 [GB/s]
24 123.1 123.6 123.3 [GB/s]
25 120.3 120.6 120.4 [GB/s]
26 122.9 123.3 123.1 [GB/s]
27 119.9 120.2 120.1 [GB/s]
28 123.8 124.1 123.9 [GB/s]
29 119.4 120.1 119.7 [GB/s]
30 123.2 123.6 123.4 [GB/s]
31 120.8 121.2 121.0 [GB/s]
32 122.8 123.2 123.1 [GB/s]
