# threads, min, max, avg
1 16.8 16.8 16.8 [GB/s]
2 31.3 31.3 31.3 [GB/s]
3 44.2 44.4 44.3 [GB/s]
4 52.3 52.4 52.3 [GB/s]
5 56.8 56.9 56.8 [GB/s]
6 59.4 59.7 59.6 [GB/s]
7 60.9 61.1 61.0 [GB/s]
8 61.9 62.1 62.0 [GB/s]
9 62.0 62.3 62.2 [GB/s]
10 62.0 62.3 62.2 [GB/s]
11 62.2 62.4 62.3 [GB/s]
12 62.2 62.4 62.3 [GB/s]
13 62.4 62.6 62.5 [GB/s]
14 62.2 62.4 62.3 [GB/s]
15 62.3 62.5 62.4 [GB/s]
16 62.3 62.4 62.3 [GB/s]
17 66.3 66.5 66.4 [GB/s]
18 70.2 70.5 70.3 [GB/s]
19 73.7 73.8 73.8 [GB/s]
20 77.7 78.0 77.9 [GB/s]
21 81.8 82.0 81.9 [GB/s]
22 85.7 85.9 85.7 [GB/s]
23 89.6 90.0 89.8 [GB/s]
24 93.9 94.1 94.0 [GB/s]
25 97.2 97.5 97.4 [GB/s]
26 100.8 101.2 101.1 [GB/s]
27 104.6 105.1 104.8 [GB/s]
28 108.8 109.2 109.0 [GB/s]
29 112.8 113.1 112.9 [GB/s]
30 116.4 116.8 116.6 [GB/s]
31 121.0 121.4 121.3 [GB/s]
32 123.4 123.8 123.6 [GB/s]
